0.003734 
0.008318 
0.005481 
0.006081 
0.005273 
0.005518 
0.005243 
0.005943 
0.006624 
0.007108 
0.004397 
0.007360 
0.007594 
0.007220 
0.004055 
0.006669 
0.003775 
0.006914 
0.008476 
0.003680 
0.007560 
0.007206 
0.006190 
0.008993 
0.004259 
0.008899 
0.008243 
0.006902 
0.008490 
0.007888 
0.006807 
0.007955 
0.007472 
0.006919 
0.007579 
0.004558 
0.008228 
0.007697 
0.007632 
0.003878 
0.005325 
0.003617 
0.007658 
0.006108 
0.003577 
0.008156 
0.006877 
0.003847 
0.003474 
0.003646 
0.004574 
0.006779 
0.008440 
0.007468 
0.006787 
0.006980 
0.007712 
0.008256 
0.008345 
0.008156 
0.006968 
0.004143 
0.007687 
0.005085 
0.003930 
0.008480 
0.003615 
0.006859 
0.007494 
0.005193 
0.003440 
0.006333 
0.005294 
0.007795 
0.004364 
0.008217 
0.007473 
0.004938 
0.007658 
0.003753 
0.003798 
0.006852 
0.008741 
0.003577 
0.008399 
0.003850 
0.003835 
0.008768 
0.008170 
0.005815 
0.003764 
0.006721 
0.005147 
0.007025 
0.009196 
0.003417 
0.005522 
0.004986 
0.009613 
0.003814 
0.007801 
0.003395 
0.003301 
0.007542 
0.003932 
0.003349 
0.006875 
0.008617 
0.007438 
0.007761 
0.006178 
0.007777 
0.003969 
0.007987 
0.007971 
0.007584 
0.008309 
0.004659 
0.006370 
0.007628 
0.003471 
0.004171 
0.007145 
0.009497 
0.008541 
0.008721 
0.003578 
0.006365 
0.006834 
0.006747 
0.007964 
0.004283 
0.008045 
0.006780 
0.008334 
0.008334 
0.003256 
0.007890 
0.003133 
0.003137 
0.005087 
0.003193 
0.009141 
0.003205 
0.007131 
0.008096 
0.003174 
0.004254 
0.007537 
0.004047 
0.004644 
0.003376 
0.008299 
0.007367 
0.003275 
0.007872 
0.007030 
0.007757 
0.004131 
0.003289 
0.004903 
0.005912 
0.008799 
0.003548 
0.003454 
0.004064 
0.007801 
0.005804 
0.009434 
0.003389 
0.003513 
0.007517 
0.006428 
0.004806 
0.005091 
0.004743 
0.007162 
0.008439 
0.004436 
0.004183 
0.004122 
0.007675 
0.004008 
0.007107 
0.005266 
0.003890 
0.004784 
0.003897 
0.007559 
0.005713 
0.005847 
0.007879 
0.007062 
0.004812 
0.006972 
0.006482 
0.005255 
0.007205 
0.006843 
0.007445 
0.007132 
0.004007 
0.007081 
0.007134 
0.007313 
0.003968 
0.007240 
0.005849 
0.008187 
0.007913 
0.006941 
0.008459 
0.007495 
0.006659 
0.008659 
0.008901 
0.008369 
0.003827 
0.006887 
0.004133 
0.007870 
0.003805 
0.007306 
0.006805 
0.003698 
0.008491 
0.006731 
0.007972 
0.004602 
0.007643 
0.003832 
0.008086 
0.008113 
0.006796 
0.003759 
0.006736 
0.004892 
0.005569 
0.007012 
0.003875 
0.007989 
0.003867 
0.007038 
0.003805 
0.003908 
0.007283 
0.009053 
0.003937 
0.008257 
0.003906 
0.005473 
0.007051 
0.003713 
0.008651 
0.008776 
0.004356 
0.007021 
0.005269 
0.005807 
0.007572 
0.004017 
0.007176 
0.006634 
0.007005 
0.006765 
0.007927 
0.008011 
0.005587 
0.008777 
0.003790 
0.003790 
0.007475 
0.003678 
0.007394 
0.004090 
0.003620 
0.003626 
0.007205 
0.007429 
0.003894 
0.004133 
0.005491 
0.005519 
0.004059 
0.007023 
0.007733 
0.006957 
0.003751 
0.008342 
0.004890 
0.004341 
0.008491 
0.003832 
0.005189 
0.004849 
0.006295 
0.007050 
0.006827 
0.008245 
0.004527 
0.006202 
0.006462 
0.004417 
0.004822 
0.006015 
0.008167 
0.004138 
0.007612 
0.003804 
0.007416 
0.005134 
0.005444 
0.009070 
0.005224 
0.007839 
0.007744 
0.008890 
0.004306 
0.007232 
0.007832 
0.009787 
0.005108 
0.008766 
0.004222 
0.006863 
0.003859 
0.003978 
0.006987 
0.008590 
0.009044 
0.006729 
0.008893 
0.003957 
0.008370 
0.008363 
0.008884 
0.007681 
0.003572 
0.007623 
0.008261 
0.003870 
0.005726 
0.005024 
0.004503 
0.006306 
0.006796 
0.006794 
0.007177 
0.008048 
0.007619 
0.008133 
0.008157 
0.004117 
0.009298 
0.004971 
0.004158 
0.004011 
0.007196 
0.004586 
0.006313 
0.004389 
0.004952 
0.004693 
0.004835 
0.005538 
0.005404 
0.005069 
0.004845 
0.006081 
0.006320 
0.005593 
0.006871 
0.007072 
0.007349 
0.006840 
0.004649 
0.004552 
0.007155 
0.006980 
0.007434 
0.008018 
0.005866 
0.008059 
0.005364 
0.005388 
0.007018 
0.004764 
0.008188 
0.004039 
0.006880 
0.008958 
0.008537 
0.008655 
0.003967 
0.008194 
0.008125 
0.008700 
0.008599 
0.003238 
0.007552 
0.007200 
0.008317 
0.003422 
0.007771 
0.008372 
0.003549 
0.003250 
0.007588 
0.003307 
0.007490 
0.007927 
0.007361 
0.007347 
0.003402 
0.008000 
0.006729 
0.006597 
0.008181 
0.003989 
0.008976 
0.003387 
0.003350 
0.007931 
0.006037 
0.005879 
0.004070 
0.005608 
0.007000 
0.006967 
0.007528 
0.007522 
0.004067 
0.007336 
0.004372 
0.007474 
0.007022 
0.007816 
0.007064 
0.008088 
0.007345 
0.003834 
0.003704 
0.007002 
0.007782 
0.003342 
0.008373 
0.003417 
0.007566 
0.006904 
0.008390 
0.008538 
0.007996 
0.009943 
0.003078 
0.005251 
0.008126 
0.003343 
0.008302 
0.008214 
0.008236 
0.007286 
0.010159 
0.007647 
0.009144 
0.008242 
0.005223 
0.005728 
0.003251 
0.003210 
0.007983 
0.007836 
0.007302 
0.009124 
0.007774 
0.008856 
0.003041 
0.003060 
0.007848 
0.009334 
0.007685 
0.007986 
0.008081 
0.007891 
0.003287 
0.008383 
0.007424 
0.004265 
0.005696 
0.007212 
0.003101 
0.007003 
0.007822 
0.007693 
0.007905 
0.006379 
0.007405 
0.008113 
0.008620 
0.008129 
0.003254 
0.007224 
0.006704 
0.007572 
0.008140 
0.006472 
0.007764 
0.008315 
0.008231 
0.007066 
0.008672 
0.003170 
0.003102 
0.003102 
0.003065 
0.008198 
0.007767 
0.007188 
0.006636 
0.008837 
0.007771 
0.007730 
0.008933 
0.007812 
0.003095 
0.009354 
0.008587 
0.005973 
0.003035 
0.007273 
0.003501 
0.008037 
0.006240 
0.008410 
0.007735 
0.007801 
0.008315 
0.003165 
0.003099 
0.008313 
0.008054 
0.007372 
0.007830 
0.008722 
0.007548 
0.006173 
0.006894 
0.008089 
0.003247 
0.008881 
0.007945 
0.006740 
0.008188 
0.006133 
0.007898 
0.006840 
0.003307 
0.007978 
0.007962 
0.003154 
0.005915 
0.009130 
0.007756 
0.008049 
0.003113 
0.008245 
0.007910 
0.008554 
0.009212 
0.006178 
0.004931 
0.008132 
0.008316 
0.003129 
0.003104 
0.003052 
0.009066 
0.007917 
0.007022 
0.007782 
0.010519 
0.003045 
0.005082 
0.003059 
0.005369 
0.006709 
0.005090 
0.003155 
0.006988 
0.003146 
0.003136 
0.007319 
0.006621 
0.005440 
0.003220 
0.006874 
0.003199 
0.009633 
0.008076 
0.008243 
0.003165 
0.007177 
0.008689 
0.008055 
0.007738 
0.006800 
0.004400 
0.007901 
0.007230 
0.008683 
0.003070 
0.003130 
0.008152 
0.008852 
0.008098 
0.004219 
0.004566 
0.003707 
0.007407 
0.004437 
0.004209 
0.004609 
0.004212 
0.007545 
0.008114 
0.003069 
0.003080 
0.003047 
0.005611 
0.003477 
0.003082 
0.007090 
0.007896 
0.003947 
0.007294 
0.006800 
0.008165 
0.004697 
0.003295 
0.008340 
0.004807 
0.004998 
0.007794 
0.008302 
0.008062 
0.009084 
0.008777 
0.008358 
0.008083 
0.007002 
0.003390 
0.008052 
0.007574 
0.007998 
0.006950 
0.003190 
0.008567 
0.004502 
0.006933 
0.003211 
0.005258 
0.005104 
0.003148 
0.006794 
0.007663 
0.007802 
0.003195 
0.007535 
0.003436 
0.003069 
0.003067 
0.003057 
0.003067 
0.003077 
0.003106 
0.003144 
0.003105 
0.004320 
0.003094 
0.008002 
0.008929 
0.008611 
0.007859 
0.006897 
0.008342 
0.008756 
0.003893 
0.007318 
0.007260 
0.003216 
0.008151 
0.006124 
0.003097 
0.007721 
0.007113 
0.003270 
0.007456 
0.006899 
0.004081 
0.007782 
0.004421 
0.003900 
0.003301 
0.003194 
0.003108 
0.008223 
0.003545 
0.009011 
0.003145 
0.006899 
0.008165 
0.007014 
0.003192 
0.007253 
0.006706 
0.007621 
0.007243 
0.008287 
0.003171 
0.007881 
0.007327 
0.003163 
0.003232 
0.006846 
0.008004 
0.008358 
0.003073 
0.003117 
0.003069 
0.003180 
0.006695 
0.003081 
0.006812 
0.004023 
0.006619 
0.003377 
0.006960 
0.008373 
0.008017 
0.007957 
0.007652 
0.006759 
0.006708 
0.006708 
0.008409 
0.007656 
0.004248 
0.008249 
0.006681 
0.006817 
0.006810 
0.003367 
0.003199 
0.003200 
0.007727 
0.008001 
0.003318 
0.007619 
0.003172 
0.007240 
0.003725 
0.004026 
0.003080 
0.003321 
0.006899 
0.007957 
0.007127 
0.007596 
0.006482 
0.003183 
0.003925 
0.006968 
0.003210 
0.003943 
0.007837 
0.005398 
0.007384 
0.004946 
0.007756 
0.008549 
0.004989 
0.007238 
0.007858 
0.003090 
0.003094 
0.003102 
0.006419 
0.008134 
0.008451 
0.007896 
0.008177 
0.005354 
0.003363 
0.007276 
0.008353 
0.006917 
0.003172 
0.007323 
0.008173 
0.008795 
0.006813 
0.004542 
0.004368 
0.007028 
0.008266 
0.007578 
0.006293 
0.008197 
0.003218 
0.008746 
0.008038 
0.005721 
0.003669 
0.003750 
0.003499 
0.008475 
0.003477 
0.007197 
0.003531 
0.006995 
0.008215 
0.008534 
0.004798 
0.003598 
0.007377 
0.005658 
0.007911 
0.003642 
0.005969 
0.003418 
0.007555 
0.007904 
0.008037 
0.009504 
0.007904 
0.006949 
0.007830 
0.007494 
0.007993 
0.003232 
0.007695 
0.007650 
0.005267 
0.008582 
0.004652 
0.007845 
0.003448 
0.006131 
0.008789 
0.006302 
0.003538 
0.003553 
0.006867 
0.007772 
0.008518 
0.007272 
0.003375 
0.003373 
0.003471 
0.006953 
0.003636 
0.007425 
0.003424 
0.007673 
0.009622 
0.004700 
0.006918 
0.007079 
0.003590 
0.008061 
0.007027 
0.009220 
0.008336 
0.008806 
0.004414 
0.007513 
0.005769 
0.007732 
0.007185 
0.007973 
0.003469 
0.007393 
0.003392 
0.007990 
0.010168 
0.003370 
0.003734 
0.007318 
0.005312 
0.003871 
0.007645 
0.006902 
0.003588 
0.007413 
0.003518 
0.007934 
0.003393 
0.007452 
0.007250 
0.006763 
0.003993 
0.003444 
0.008395 
0.003865 
0.004593 
0.004732 
0.003863 
0.004134 
0.004156 
0.005115 
0.004642 
0.004388 
0.007697 
0.004305 
0.007247 
0.006487 
0.007011 
0.003900 
0.006831 
0.009137 
0.009467 
0.008168 
0.008285 
0.008859 
0.008166 
0.008476 
0.003107 
0.005771 
0.008860 
0.007723 
0.008991 
0.005914 
0.006738 
0.008262 
0.007965 
0.005384 
0.007911 
0.007676 
0.008661 
0.008050 
0.008201 
0.007923 
0.006864 
0.003043 
0.008051 
0.008284 
0.008188 
0.007075 
0.008934 
0.007897 
0.006989 
0.003289 
0.008184 
0.007370 
0.003201 
0.008236 
0.007487 
0.007661 
0.008924 
0.009912 
0.007923 
0.006658 
0.008129 
0.007961 
0.007752 
0.006987 
0.008783 
0.010159 
0.007902 
0.008345 
0.006873 
0.007537 
0.007920 
0.003046 
0.007408 
0.003123 
0.006938 
0.008064 
0.004718 
0.007763 
0.008519 
0.008338 
0.003085 
0.007549 
0.006629 
0.007859 
0.009189 
0.008137 
0.003209 
0.004414 
0.003363 
0.007850 
0.006867 
0.007061 
0.006697 
0.009707 
0.007788 
0.003044 
0.003100 
0.007696 
0.006671 
