0.102410 
0.086810 
0.112000 
0.085379 
0.107717 
0.103261 
0.137818 
0.093029 
0.100143 
0.096968 
0.098142 
0.099135 
0.099905 
0.094928 
0.096185 
0.094738 
0.105059 
0.098815 
0.091794 
0.101485 
0.093898 
0.093322 
0.095026 
0.093874 
0.105210 
0.106098 
0.103609 
0.102256 
0.094014 
0.105523 
0.093644 
0.107830 
0.089153 
0.136800 
0.127660 
0.148213 
0.122938 
0.113889 
0.098383 
0.107858 
0.097284 
0.109912 
0.120147 
0.159650 
0.110034 
0.110196 
0.097678 
0.118498 
0.096993 
0.106436 
0.109456 
0.096565 
0.096902 
0.100529 
0.103946 
0.096797 
0.135607 
0.096747 
0.110587 
0.107825 
0.094670 
0.095005 
0.101891 
0.105303 
0.100314 
0.102725 
0.096158 
0.103004 
0.101173 
0.096045 
0.093176 
0.098689 
0.106072 
0.093474 
0.116502 
0.130955 
0.126873 
0.118482 
0.105048 
0.106703 
0.115723 
0.104749 
0.106130 
0.096476 
0.095446 
0.101183 
0.095935 
0.091080 
0.098765 
0.103694 
0.104043 
0.097117 
0.096951 
0.092602 
0.107744 
0.106013 
0.100358 
0.106127 
0.091544 
0.100327 
0.103900 
0.092586 
0.094290 
0.112644 
0.092107 
0.103177 
0.094919 
0.095128 
0.107059 
0.098561 
0.105284 
0.105651 
0.119853 
0.095457 
0.101837 
0.111531 
0.107755 
0.105619 
0.101169 
0.101651 
0.110042 
0.096526 
0.095966 
0.092608 
0.089499 
0.104440 
0.111392 
0.094248 
0.100368 
0.125369 
0.113528 
0.095860 
0.107215 
0.112627 
0.120365 
0.109587 
0.105662 
0.110986 
0.091175 
0.096222 
0.123828 
0.100780 
0.097587 
0.107472 
0.104744 
0.100381 
0.096654 
0.093781 
0.097478 
0.095124 
0.109772 
0.107231 
0.101214 
0.093876 
0.100932 
0.095322 
0.097202 
0.097431 
0.099080 
0.099009 
0.090098 
0.094319 
0.099895 
0.101573 
0.093817 
0.099315 
0.096284 
0.097124 
0.108244 
0.114068 
0.096893 
0.095780 
0.103484 
0.091455 
0.105596 
0.093863 
0.146341 
0.099865 
0.096809 
0.096517 
0.109614 
0.101082 
0.108495 
0.107387 
0.099496 
0.095045 
0.096275 
0.097229 
0.116505 
0.112485 
0.110499 
0.100651 
0.105138 
0.100596 
0.101939 
0.095693 
0.103636 
0.100171 
0.098064 
0.105751 
0.118033 
0.098615 
0.098932 
0.097714 
0.112038 
0.119282 
0.114106 
0.107687 
0.124531 
0.112538 
0.102530 
0.104006 
0.105943 
0.097480 
0.093926 
0.101542 
0.094404 
0.116694 
0.109007 
0.104280 
0.126117 
0.117398 
0.109671 
0.098264 
0.095377 
0.131468 
0.102450 
0.112666 
0.094149 
0.105658 
0.103125 
0.106483 
0.132896 
0.117711 
0.111632 
0.105986 
0.094090 
0.102564 
0.113068 
0.103208 
0.102553 
0.120355 
0.098525 
0.097630 
0.096896 
0.093812 
0.104700 
0.119009 
0.101733 
0.099369 
0.098676 
0.094585 
0.102939 
0.147155 
0.105253 
0.098111 
0.104096 
0.093984 
0.094540 
0.100878 
0.107489 
0.103851 
0.102209 
0.102370 
0.111716 
0.092085 
0.090710 
0.089039 
0.111789 
0.096502 
0.114050 
0.121938 
0.118905 
0.118062 
0.093071 
0.102119 
0.104597 
0.100220 
0.111381 
0.108345 
0.151970 
0.104457 
0.117301 
0.100208 
0.096021 
0.096767 
0.093951 
0.102776 
0.105348 
0.102428 
0.093980 
0.108159 
0.113285 
0.138805 
0.144445 
0.109957 
0.096213 
0.111134 
0.093871 
0.110580 
0.101624 
0.096366 
0.137439 
0.106201 
0.107477 
0.094330 
0.106156 
0.116686 
0.113623 
0.109577 
0.097039 
0.120178 
0.113083 
0.102815 
0.098080 
0.099589 
0.098148 
0.125819 
0.108519 
0.090487 
0.104730 
0.103730 
0.102580 
0.107238 
0.091738 
0.100362 
0.105204 
0.105428 
0.093023 
0.102452 
0.096163 
0.096614 
0.092197 
0.102249 
0.102271 
0.095816 
0.109145 
0.097950 
0.092721 
0.099620 
0.099775 
0.091893 
0.098232 
0.150150 
0.108096 
0.102200 
0.106960 
0.103145 
0.106830 
0.127330 
0.107730 
0.092666 
0.098442 
0.095170 
0.100147 
0.092862 
0.097973 
0.109546 
0.098806 
0.100573 
0.103271 
0.099326 
0.111279 
0.128245 
0.100597 
0.095994 
0.096496 
0.101871 
0.104994 
0.115532 
0.093960 
0.105356 
0.098186 
0.096844 
0.099198 
0.123060 
0.131285 
0.108263 
0.100099 
0.100844 
0.095688 
0.093198 
0.104762 
0.097154 
0.091545 
0.099813 
0.095075 
0.105611 
0.098166 
0.102985 
0.091849 
0.093844 
0.118744 
0.101392 
0.101785 
0.118275 
0.107298 
0.099392 
0.101456 
0.093624 
0.098277 
0.098249 
0.113998 
0.120292 
0.099692 
0.103840 
0.103078 
0.111286 
0.110383 
0.100440 
0.101090 
0.105115 
0.099653 
0.101583 
0.114421 
0.112555 
0.117316 
0.117930 
0.113640 
0.129157 
0.166229 
0.192160 
0.169809 
0.143319 
0.121986 
0.122291 
0.133369 
0.118344 
0.136977 
0.125341 
0.119906 
0.118624 
0.113289 
0.124538 
0.111314 
0.108613 
0.108688 
0.100466 
0.113736 
0.196943 
0.120709 
0.176386 
0.155414 
0.149261 
0.142828 
0.099732 
0.091224 
0.106447 
0.099855 
0.104095 
0.090365 
0.100224 
0.197968 
0.255800 
0.244439 
0.151046 
0.233734 
0.260771 
0.128149 
0.107005 
0.117690 
0.135656 
0.120756 
0.133108 
0.123124 
0.141957 
0.112446 
0.098624 
0.102404 
0.100073 
0.109169 
0.129766 
0.137873 
0.103840 
0.097578 
0.094467 
0.097742 
0.102366 
0.095523 
0.099696 
0.093961 
0.110043 
0.100809 
0.099003 
0.111286 
0.130844 
0.118495 
0.150576 
0.114811 
0.103129 
0.103866 
0.105506 
0.102701 
0.100524 
0.122274 
0.105590 
0.097353 
0.152907 
0.121994 
0.131642 
0.129998 
0.124439 
0.097571 
0.097253 
0.094796 
0.099235 
0.103723 
0.120319 
0.119643 
0.138450 
0.110011 
0.096108 
0.105365 
0.103877 
0.101140 
0.099091 
0.096201 
0.099803 
0.097171 
0.150190 
0.097067 
0.098334 
0.101469 
0.092898 
0.108007 
0.095093 
0.100879 
0.092822 
0.103298 
0.090125 
0.091134 
0.094808 
0.094796 
0.091275 
0.096096 
0.095510 
0.104469 
0.092724 
0.105620 
0.097348 
0.097858 
0.094044 
0.096805 
0.092534 
0.104561 
0.096227 
0.091776 
0.105942 
0.094027 
0.097811 
0.131841 
0.114408 
0.101711 
0.093744 
0.099340 
0.092339 
0.103637 
0.101827 
0.116105 
0.095436 
0.106744 
0.101045 
0.095206 
0.101481 
0.096020 
0.092828 
0.091597 
0.097139 
0.102606 
0.090284 
0.104426 
0.100711 
0.096574 
0.101410 
0.092137 
0.101477 
0.094563 
0.102628 
0.103285 
0.105293 
0.096271 
0.120237 
0.156892 
0.113669 
0.100611 
0.097489 
0.103968 
0.101239 
0.101548 
0.117909 
0.114002 
0.106933 
0.103734 
0.100910 
0.100424 
0.097598 
0.148426 
0.141081 
0.109307 
0.122887 
0.112866 
0.145726 
0.144702 
0.135820 
0.132005 
0.124819 
0.150796 
0.123553 
0.134395 
0.143022 
0.122681 
0.105424 
0.110434 
0.128891 
0.106262 
0.122764 
0.198162 
0.196934 
0.128618 
0.101093 
0.102258 
0.095862 
0.095075 
0.094860 
0.105981 
0.132295 
0.130662 
0.103072 
0.097885 
0.102110 
0.101610 
0.105454 
0.101050 
0.098568 
0.097746 
0.106589 
0.121024 
0.121656 
0.124908 
0.129277 
0.135370 
0.118510 
0.102031 
0.095513 
0.093970 
0.089831 
0.095687 
0.103086 
0.100632 
0.102106 
0.116032 
0.096832 
0.101519 
0.095572 
0.098028 
0.118290 
0.105441 
0.106607 
0.099711 
0.104277 
0.100529 
0.110421 
0.106380 
0.104136 
0.103967 
0.122682 
0.102722 
0.112903 
0.101617 
0.093393 
0.098908 
0.098649 
0.102973 
0.105255 
0.093509 
0.103820 
0.093199 
0.093210 
0.089865 
0.113385 
0.095225 
0.108456 
0.104750 
0.116018 
0.096861 
0.099178 
0.096179 
0.089110 
0.101750 
0.093596 
0.107582 
0.110162 
0.095547 
0.104992 
0.095689 
0.098129 
0.093611 
0.096213 
0.101059 
0.101093 
0.093870 
0.099305 
0.097824 
0.099259 
0.095778 
0.114212 
0.092591 
0.102057 
0.120292 
0.122274 
0.128234 
0.105819 
0.105480 
0.098417 
0.097921 
0.094638 
0.097450 
0.109686 
0.091235 
0.104187 
0.105453 
0.099608 
0.100864 
0.100562 
0.097747 
0.097658 
0.093605 
0.097009 
0.098146 
0.105175 
0.104753 
0.097329 
0.097068 
0.094755 
0.103375 
0.089838 
0.111485 
0.089018 
0.094026 
0.097702 
0.106263 
0.094608 
0.097797 
0.097652 
0.106554 
0.095755 
0.096081 
0.099870 
0.093241 
0.101074 
0.090889 
0.100437 
0.097641 
0.103550 
0.094728 
0.100623 
0.092659 
0.101840 
0.093209 
0.109348 
0.091185 
0.094655 
0.089514 
0.102386 
0.101577 
0.093311 
0.093370 
0.089153 
0.093789 
0.090712 
0.104264 
0.093048 
0.099712 
0.092901 
0.091264 
0.096625 
0.099444 
0.098303 
0.092683 
0.096320 
0.095360 
0.089684 
0.101923 
0.092209 
0.101850 
0.099555 
0.103404 
0.095505 
0.096783 
0.089160 
0.091034 
0.090674 
0.113473 
0.094129 
0.096824 
0.094925 
0.097816 
0.105160 
0.091915 
0.101775 
0.100125 
0.107126 
0.099936 
0.102484 
0.089228 
0.101202 
0.108964 
0.100135 
0.095329 
0.097930 
0.091847 
0.097430 
0.089446 
0.094580 
0.089874 
0.096454 
0.092362 
0.104814 
0.093200 
0.096182 
0.090271 
0.108103 
0.096770 
0.096869 
0.089626 
0.093569 
0.097698 
0.101553 
0.093241 
0.097276 
0.092928 
0.093185 
0.095976 
0.093035 
0.100792 
0.098762 
0.103306 
0.091063 
0.119780 
0.097923 
0.134936 
0.101605 
0.102346 
0.107023 
0.093341 
0.095240 
0.103944 
0.103406 
0.093358 
0.103816 
0.099291 
0.094513 
0.106249 
0.090598 
0.109974 
0.092877 
0.100717 
0.092052 
0.093677 
0.097360 
0.096133 
0.099284 
0.102030 
0.096545 
0.098710 
0.102198 
0.095868 
0.093157 
0.099555 
0.091807 
0.102802 
0.101252 
0.088586 
0.098312 
0.107839 
0.092457 
0.092658 
0.093649 
0.105400 
0.093881 
0.100380 
0.095641 
0.096661 
0.098935 
0.092779 
0.091583 
0.090050 
0.094640 
0.091720 
0.097516 
0.094276 
0.091455 
0.089542 
0.098254 
0.095484 
0.094585 
0.105212 
0.102910 
0.092543 
0.099023 
0.095818 
0.101032 
0.090955 
0.116175 
0.093887 
0.092309 
0.102876 
0.097200 
0.100618 
0.098026 
0.100319 
0.097851 
0.098745 
0.094787 
0.101207 
0.088379 
0.101716 
0.092369 
0.093002 
0.105502 
0.092428 
0.099248 
0.100524 
0.101998 
0.095649 
0.100400 
0.095344 
0.092561 
0.094002 
0.111353 
0.092911 
0.095825 
0.094631 
0.099190 
0.091614 
0.111780 
0.092596 
0.102848 
0.092394 
0.101308 
0.112170 
0.092231 
0.101479 
0.090670 
0.102715 
0.090688 
0.097347 
0.088950 
0.096358 
0.093508 
0.094700 
0.092848 
0.109244 
0.093497 
0.102575 
0.095036 
0.090838 
0.100845 
0.096469 
0.096714 
0.100608 
0.094932 
0.098906 
0.094434 
0.098251 
0.096230 
0.093730 
0.096338 
0.094890 
0.091518 
0.099592 
0.096969 
0.095433 
0.100274 
0.097897 
0.096961 
0.094751 
0.097575 
0.097782 
0.099146 
0.094440 
0.096568 
0.097162 
0.097106 
0.095669 
0.094230 
0.090375 
0.092810 
0.091137 
0.093983 
0.099919 
0.091947 
0.090690 
0.105240 
0.095950 
0.096134 
0.097803 
0.096886 
0.093756 
0.104851 
